-0.50215
-0.41634
-0.32658
-0.23343
-0.13745
-0.039253
0.060534
0.16127
0.2623
0.36296
0.46259
0.56053
0.65614
0.74877
0.83782
0.9227
1.0028
1.0777
1.1469
1.2098
1.2662
1.3157
1.3579
1.3926
1.4197
1.439
1.4505
1.4541
1.4499
1.4379
1.4184
1.3916
1.3577
1.3171
1.2701
1.2172
1.1588
1.0953
1.0274
0.95561
0.88043
0.8025
0.72243
0.64084
0.55834
0.47554
0.39307
0.31151
0.23145
0.15343
0.077991
0.0056233
-0.06321
-0.12809
-0.18863
-0.24451
-0.29544
-0.34117
-0.38154
-0.41641
-0.44569
-0.46938
-0.48749
-0.50012
-0.50739
-0.50949
-0.50665
-0.49915
-0.4873
-0.47146
-0.45201
-0.42939
-0.40404
-0.37643
-0.34703
-0.31637
-0.28493
-0.25323
-0.22178
-0.19106
-0.16158
-0.13379
-0.10814
-0.085049
-0.064912
-0.048081
-0.034872
-0.02556
-0.020378
-0.019511
-0.023096
-0.03122
-0.04392
-0.061181
-0.082936
-0.10907
-0.13941
-0.17375
-0.21181
-0.2533
-0.29785
-0.34509
-0.39458
-0.44587
-0.49848
-0.55189
-0.60558
-0.659
-0.71162
-0.76287
-0.8122
-0.85907
-0.90294
-0.94329
-0.97962
-1.0115
-1.0384
-1.06
-1.0758
-1.0857
-1.0892
-1.0862
-1.0765
-1.06
-1.0365
-1.0061
-0.96877
-0.92468
-0.87394
-0.81677
-0.75343
-0.68423
-0.60955
-0.52979
-0.44541
-0.35691
-0.26482
-0.16972
-0.072193
0.027134
0.12763
0.22863
0.32949
0.42953
0.52811
0.62457
0.71826
0.80857
0.8949
0.97668
1.0534
1.1245
1.1896
1.2482
1.3
1.3446
1.3819
1.4115
1.4335
1.4475
1.4538
1.4521
1.4427
1.4258
1.4013
1.3698
1.3314
1.2865
1.2355
1.1788
1.117
1.0505
0.97995
0.90583
0.82875
0.74932
0.66817
0.5859
0.50314
0.42049
0.33856
0.25794
0.17918
0.10282
0.029375
-0.040685
-0.10693
-0.16896
-0.22642
-0.27903
-0.32652
-0.36869
-0.4054
-0.43655
-0.46211
-0.48207
-0.49651
-0.50555
-0.50935
-0.50813
-0.50215
-0.49171
-0.47716
-0.45887
-0.43726
-0.41277
-0.38585
-0.357
-0.3267
-0.29546
-0.2638
-0.2322
-0.20119
-0.17124
-0.14283
-0.11642
-0.092436
-0.071274
-0.053304
-0.038854
-0.028216
-0.021634
-0.019311
-0.0214
-0.028004
-0.039178
-0.054924
-0.075191
-0.099881
-0.12884
-0.16187
-0.19873
-0.23911
-0.28268
-0.32907
-0.37786
-0.4286
-0.48083
-0.53403
-0.58768
-0.64126
-0.69421
-0.74597
-0.79601
-0.84375
-0.88868
-0.93026
-0.96798
-1.0014
-1.03
-1.0534
-1.0712
-1.0831
-1.0888
-1.088
-1.0805
-1.0662
-1.0451
-1.017
-0.98197
-0.94012
-0.89158
-0.83652
-0.77521
-0.70792
-0.63503
-0.55691
-0.47402
-0.38683
-0.29588
-0.20172
-0.10493
-0.0061361
0.094039
0.19495
0.29593
0.39632
0.49546
0.59269
0.68737
0.77888
0.8666
0.94996
1.0284
1.1014
1.1686
1.2294
1.2835
1.3305
1.3703
1.4025
1.427
1.4437
1.4526
1.4535
1.4467
1.4322
1.4103
1.3811
1.3449
1.3021
1.2531
1.1983
1.1382
1.0732
1.0039
0.93089
0.85473
0.77602
0.69537
0.61341
0.53074
0.44799
0.36575
0.28463
0.20519
0.12797
0.053503
-0.017736
-0.085296
-0.14877
-0.20779
-0.26205
-0.31127
-0.35523
-0.39378
-0.42679
-0.45421
-0.47603
-0.49231
-0.50313
-0.50866
-0.50908
-0.50465
-0.49566
-0.48244
-0.46536
-0.44481
-0.42122
-0.39506
-0.3668
-0.33693
-0.30595
-0.27437
-0.24269
-0.21143
-0.18107
-0.1521
-0.12498
-0.10014
-0.077991
-0.058918
-0.043261
-0.031322
-0.023364
-0.019602
-0.020206
-0.025297
-0.034945
-0.049169
-0.067938
-0.091168
-0.11872
-0.15042
-0.18603
-0.22527
-0.26782
-0.31332
-0.36136
-0.4115
-0.46328
-0.51622
-0.56978
-0.62344
-0.67666
-0.72888
-0.77955
-0.82813
-0.87405
-0.9168
-0.95587
-0.99075
-1.021
-1.0462
-1.0659
-1.0798
-1.0876
-1.089
-1.0837
-1.0718
-1.0529
-1.0271
-0.9944
-0.95482
-0.90849
-0.85558
-0.79632
-0.73099
-0.65993
-0.5835
-0.50215
-0.41634
-0.32658
-0.23343
-0.13745
-0.039253
0.060534
0.16127
0.2623
0.36296
0.46259
0.56053
0.65614
0.74877
0.83782
0.9227
1.0028
1.0777
1.1469
1.2098
1.2662
1.3157
1.3579
1.3926
1.4197
1.439
1.4505
1.4541
1.4499
1.4379
1.4184
1.3916
1.3577
1.3171
1.2701
1.2172
1.1588
1.0953
1.0274
0.95561
0.88043
0.8025
0.72243
0.64084
0.55834
0.47554
0.39307
0.31151
0.23145
0.15343
0.077991
0.0056233
-0.06321
-0.12809
-0.18863
-0.24451
-0.29544
-0.34117
-0.38154
-0.41641
-0.44569
-0.46938
-0.48749
-0.50012
-0.50739
-0.50949
-0.50665
-0.49915
-0.4873
-0.47146
-0.45201
-0.42939
-0.40404
-0.37643
-0.34703
-0.31637
-0.28493
-0.25323
-0.22178
-0.19106
-0.16158
-0.13379
-0.10814
-0.085049
-0.064912
-0.048081
-0.034872
-0.02556
-0.020378
-0.019511
-0.023096
-0.03122
-0.04392
-0.061181
-0.082936
-0.10907
-0.13941
-0.17375
-0.21181
-0.2533
-0.29785
-0.34509
-0.39458
-0.44587
-0.49848
-0.55189
-0.60558
-0.659
-0.71162
-0.76287
-0.8122
-0.85907
-0.90294
-0.94329
-0.97962
-1.0115
-1.0384
-1.06
-1.0758
-1.0857
-1.0892
-1.0862
-1.0765
-1.06
-1.0365
-1.0061
-0.96877
-0.92468
-0.87394
-0.81677
-0.75343
-0.68423
-0.60955
-0.52979
-0.44541
-0.35691
-0.26482
-0.16972
-0.072193
0.027134
0.12763
0.22863
0.32949
0.42953
0.52811
0.62457
0.71826
0.80857
0.8949
0.97668
1.0534
1.1245
1.1896
1.2482
1.3
1.3446
1.3819
1.4115
1.4335
1.4475
1.4538
1.4521
1.4427
1.4258
1.4013
1.3698
1.3314
1.2865
1.2355
1.1788
1.117
1.0505
0.97995
0.90583
0.82875
0.74932
0.66817
0.5859
0.50314
0.42049
0.33856
0.25794
0.17918
0.10282
0.029375
-0.040685
-0.10693
-0.16896
-0.22642
-0.27903
-0.32652
-0.36869
-0.4054
-0.43655
-0.46211
-0.48207
-0.49651
-0.50555
-0.50935
-0.50813
-0.50215
-0.49171
-0.47716
-0.45887
-0.43726
-0.41277
-0.38585
-0.357
-0.3267
-0.29546
-0.2638
-0.2322
-0.20119
-0.17124
-0.14283
-0.11642
-0.092436
-0.071274
-0.053304
-0.038854
-0.028216
-0.021634
-0.019311
-0.0214
-0.028004
-0.039178
-0.054924
-0.075191
-0.099881
-0.12884
-0.16187
-0.19873
-0.23911
-0.28268
-0.32907
-0.37786
-0.4286
-0.48083
-0.53403
-0.58768
-0.64126
-0.69421
-0.74597
-0.79601
-0.84375
-0.88868
-0.93026
-0.96798
-1.0014
-1.03
-1.0534
-1.0712
-1.0831
-1.0888
-1.088
-1.0805
-1.0662
-1.0451
-1.017
-0.98197
-0.94012
-0.89158
-0.83652
-0.77521
-0.70792
-0.63503
-0.55691
-0.47402
-0.38683
-0.29588
-0.20172
-0.10493
-0.0061361
0.094039
0.19495
0.29593
0.39632
0.49546
0.59269
0.68737
0.77888
0.8666
0.94996
1.0284
1.1014
1.1686
1.2294
1.2835
1.3305
1.3703
1.4025
1.427
1.4437
1.4526
1.4535
1.4467
1.4322
1.4103
1.3811
1.3449
1.3021
1.2531
1.1983
1.1382
1.0732
1.0039
0.93089
0.85473
0.77602
0.69537
0.61341
0.53074
0.44799
0.36575
0.28463
0.20519
0.12797
0.053503
-0.017736
-0.085296
-0.14877
-0.20779
-0.26205
-0.31127
-0.35523
-0.39378
-0.42679
-0.45421
-0.47603
-0.49231
-0.50313
-0.50866
-0.50908
-0.50465
-0.49566
-0.48244
-0.46536
-0.44481
-0.42122
-0.39506
-0.3668
-0.33693
-0.30595
-0.27437
-0.24269
-0.21143
-0.18107
-0.1521
-0.12498
-0.10014
-0.077991
-0.058918
-0.043261
-0.031322
-0.023364
-0.019602
-0.020206
-0.025297
-0.034945
-0.049169
-0.067938
-0.091168
-0.11872
-0.15042
-0.18603
-0.22527
-0.26782
-0.31332
-0.36136
-0.4115
-0.46328
-0.51622
-0.56978
-0.62344
-0.67666
-0.72888
-0.77955
-0.82813
-0.87405
-0.9168
-0.95587
-0.99075
-1.021
-1.0462
-1.0659
-1.0798
-1.0876
-1.089
-1.0837
-1.0718
-1.0529
-1.0271
-0.9944
-0.95482
-0.90849
-0.85558
-0.79632
-0.73099
-0.65993
-0.5835
-0.50215
-0.41634
-0.32658
-0.23343
-0.13745
-0.039253
0.060534
0.16127
0.2623
0.36296
0.46259
0.56053
0.65614
0.74877
0.83782
0.9227
1.0028
1.0777
1.1469
1.2098
1.2662
1.3157
1.3579
1.3926
1.4197
1.439
1.4505
1.4541
1.4499
1.4379
1.4184
1.3916
1.3577
1.3171
1.2701
1.2172
1.1588
1.0953
1.0274
0.95561
0.88043
0.8025
0.72243
0.64084
0.55834
0.47554
0.39307
0.31151
0.23145
0.15343
0.077991
0.0056233
-0.06321
-0.12809
-0.18863
-0.24451
-0.29544
-0.34117
-0.38154
-0.41641
-0.44569
-0.46938
-0.48749
-0.50012
-0.50739
-0.50949
-0.50665
-0.49915
-0.4873
-0.47146
-0.45201
-0.42939
-0.40404
-0.37643
-0.34703
-0.31637
-0.28493
-0.25323
-0.22178
-0.19106
-0.16158
-0.13379
-0.10814
-0.085049
-0.064912
-0.048081
-0.034872
-0.02556
-0.020378
-0.019511
-0.023096
-0.03122
-0.04392
-0.061181
-0.082936
-0.10907
-0.13941
-0.17375
-0.21181
-0.2533
-0.29785
-0.34509
-0.39458
-0.44587
-0.49848
-0.55189
-0.60558
-0.659
-0.71162
-0.76287
-0.8122
-0.85907
-0.90294
-0.94329
-0.97962
-1.0115
-1.0384
-1.06
-1.0758
-1.0857
-1.0892
-1.0862
-1.0765
-1.06
-1.0365
-1.0061
-0.96877
-0.92468
-0.87394
-0.81677
-0.75343
-0.68423
-0.60955
-0.52979
-0.44541
-0.35691
-0.26482
-0.16972
-0.072193
0.027134
0.12763
0.22863
0.32949
0.42953
0.52811
0.62457
0.71826
0.80857
0.8949
0.97668
1.0534
1.1245
1.1896
1.2482
1.3
1.3446
1.3819
1.4115
1.4335
1.4475
1.4538
1.4521
1.4427
1.4258
1.4013
1.3698
1.3314
1.2865
1.2355
1.1788
1.117
1.0505
0.97995
0.90583
0.82875
0.74932
0.66817
0.5859
0.50314
0.42049
0.33856
0.25794
0.17918
0.10282
0.029375
-0.040685
-0.10693
-0.16896
-0.22642
-0.27903
-0.32652
-0.36869
-0.4054
-0.43655
-0.46211
-0.48207
-0.49651
-0.50555
-0.50935
-0.50813
