01000001
01001001
01010010
01011010
01100011
01101101
01110110
01111111
10001001
10010010
10011100
10100101
10101110
10110111
10111111
11000111
11001111
11010110
11011100
11100010
11100111
11101100
11110000
11110011
11110110
11111000
11111001
11111001
11111001
11110111
11110110
11110011
11110000
11101100
11101000
11100011
11011101
11010111
11010001
11001010
11000011
10111100
10110100
10101101
10100101
10011101
10010101
10001110
10000110
01111111
01111000
01110001
01101010
01100100
01011111
01011001
01010101
01010000
01001100
01001001
01000110
01000100
01000010
01000001
01000001
01000000
01000001
01000001
01000010
01000100
01000110
01001000
01001010
01001101
01010000
01010011
01010110
01011000
01011011
01011110
01100001
01100100
01100110
01101000
01101010
01101100
01101101
01101110
01101110
01101110
01101110
01101101
01101100
01101011
01101001
01100110
01100011
01100000
01011100
01011000
01010100
01010000
01001011
01000110
01000001
00111100
00110111
00110010
00101101
00101001
00100100
00100000
00011011
00011000
00010100
00010001
00001111
00001101
00001011
00001010
00001010
00001010
00001011
00001101
00001111
00010010
00010101
00011001
00011110
00100100
00101001
00110000
00110111
00111111
01000110
01001111
01010111
01100000
01101010
01110011
01111100
10000110
10001111
10011001
10100010
10101011
10110100
10111100
11000100
11001100
11010011
11011010
11100000
11100110
11101010
11101111
11110010
11110101
11110111
11111000
11111001
11111001
11111000
11110110
11110100
11110001
11101101
11101001
11100100
11011111
11011001
11010011
11001100
11000101
10111110
10110111
10101111
10100111
10100000
10011000
10010000
10001001
10000001
01111010
01110011
01101100
01100110
01100000
01011011
01010110
01010010
01001110
01001010
01000111
01000101
01000011
01000010
01000001
01000000
01000001
01000001
01000010
01000011
01000101
01000111
01001010
01001100
01001111
01010010
01010101
01011000
01011010
01011101
01100000
01100011
01100101
01101000
01101010
01101011
01101101
01101110
01101110
01101110
01101110
01101110
01101101
01101011
01101001
01100111
01100100
01100001
01011110
01011010
01010110
01010001
01001101
01001000
01000011
00111110
00111001
00110100
00101111
00101010
00100101
00100001
00011101
00011001
00010101
00010010
00001111
00001101
00001100
00001010
00001010
00001010
00001011
00001100
00001110
00010001
00010100
00011000
00011100
00100010
00100111
00101110
00110101
00111100
01000100
01001100
01010100
01011101
01100110
01110000
01111001
10000011
10001100
10010110
10011111
10101000
10110001
10111010
11000010
11001010
11010001
11011000
11011110
11100100
11101001
11101101
11110001
11110100
11110110
11111000
11111001
11111001
11111000
11110111
11110101
11110010
11101111
11101011
11100110
11100001
11011011
11010101
11001111
11001000
11000001
10111001
10110010
10101010
10100010
10011010
10010011
10001011
10000100
01111100
01110101
01101111
01101000
01100010
01011101
01011000
01010011
01001111
01001011
01001000
01000110
01000100
01000010
01000001
01000000
01000000
01000001
01000010
01000011
01000101
01000110
01001001
01001011
01001110
01010001
01010100
01010111
01011001
01011100
01011111
01100010
01100101
01100111
01101001
01101011
01101100
01101101
01101110
01101110
01101110
01101110
01101101
01101100
01101010
01101000
01100101
01100010
01011111
01011011
01010111
01010011
01001110
01001010
01000101
01000000
00111011
00110110
00110001
00101100
00100111
00100010
00011110
00011010
00010110
00010011
00010000
00001110
00001100
00001011
00001010
00001010
00001010
00001100
00001101
00010000
00010011
00010111
00011011
00100000
00100101
00101100
00110010
00111001
01000001
01001001
01010010
01011010
01100011
01101101
01110110
01111111
10001001
10010010
10011100
10100101
10101110
10110111
10111111
11000111
11001111
11010110
11011100
11100010
11100111
11101100
11110000
11110011
11110110
11111000
11111001
11111001
11111001
11110111
11110110
11110011
11110000
11101100
11101000
11100011
11011101
11010111
11010001
11001010
11000011
10111100
10110100
10101101
10100101
10011101
10010101
10001110
10000110
01111111
01111000
01110001
01101010
01100100
01011111
01011001
01010101
01010000
01001100
01001001
01000110
01000100
01000010
01000001
01000001
01000000
01000001
01000001
01000010
01000100
01000110
01001000
01001010
01001101
01010000
01010011
01010110
01011000
01011011
01011110
01100001
01100100
01100110
01101000
01101010
01101100
01101101
01101110
01101110
01101110
01101110
01101101
01101100
01101011
01101001
01100110
01100011
01100000
01011100
01011000
01010100
01010000
01001011
01000110
01000001
00111100
00110111
00110010
00101101
00101001
00100100
00100000
00011011
00011000
00010100
00010001
00001111
00001101
00001011
00001010
00001010
00001010
00001011
00001101
00001111
00010010
00010101
00011001
00011110
00100100
00101001
00110000
00110111
00111111
01000110
01001111
01010111
01100000
01101010
01110011
01111100
10000110
10001111
10011001
10100010
10101011
10110100
10111100
11000100
11001100
11010011
11011010
11100000
11100110
11101010
11101111
11110010
11110101
11110111
11111000
11111001
11111001
11111000
11110110
11110100
11110001
11101101
11101001
11100100
11011111
11011001
11010011
11001100
11000101
10111110
10110111
10101111
10100111
10100000
10011000
10010000
10001001
10000001
01111010
01110011
01101100
01100110
01100000
01011011
01010110
01010010
01001110
01001010
01000111
01000101
01000011
01000010
01000001
01000000
01000001
01000001
01000010
01000011
01000101
01000111
01001010
01001100
01001111
01010010
01010101
01011000
01011010
01011101
01100000
01100011
01100101
01101000
01101010
01101011
01101101
01101110
01101110
01101110
01101110
01101110
01101101
01101011
01101001
01100111
01100100
01100001
01011110
01011010
01010110
01010001
01001101
01001000
01000011
00111110
00111001
00110100
00101111
00101010
00100101
00100001
00011101
00011001
00010101
00010010
00001111
00001101
00001100
00001010
00001010
00001010
00001011
00001100
00001110
00010001
00010100
00011000
00011100
00100010
00100111
00101110
00110101
00111100
01000100
01001100
01010100
01011101
01100110
01110000
01111001
10000011
10001100
10010110
10011111
10101000
10110001
10111010
11000010
11001010
11010001
11011000
11011110
11100100
11101001
11101101
11110001
11110100
11110110
11111000
11111001
11111001
11111000
11110111
11110101
11110010
11101111
11101011
11100110
11100001
11011011
11010101
11001111
11001000
11000001
10111001
10110010
10101010
10100010
10011010
10010011
10001011
10000100
01111100
01110101
01101111
01101000
01100010
01011101
01011000
01010011
01001111
01001011
01001000
01000110
01000100
01000010
01000001
01000000
01000000
01000001
01000010
01000011
01000101
01000110
01001001
01001011
01001110
01010001
01010100
01010111
01011001
01011100
01011111
01100010
01100101
01100111
01101001
01101011
01101100
01101101
01101110
01101110
01101110
01101110
01101101
01101100
01101010
01101000
01100101
01100010
01011111
01011011
01010111
01010011
01001110
01001010
01000101
01000000
00111011
00110110
00110001
00101100
00100111
00100010
00011110
00011010
00010110
00010011
00010000
00001110
00001100
00001011
00001010
00001010
00001010
00001100
00001101
00010000
00010011
00010111
00011011
00100000
00100101
00101100
00110010
00111001
01000001
01001001
01010010
01011010
01100011
01101101
01110110
01111111
10001001
10010010
10011100
10100101
10101110
10110111
10111111
11000111
11001111
11010110
11011100
11100010
11100111
11101100
11110000
11110011
11110110
11111000
11111001
11111001
11111001
11110111
11110110
11110011
11110000
11101100
11101000
11100011
11011101
11010111
11010001
11001010
11000011
10111100
10110100
10101101
10100101
10011101
10010101
10001110
10000110
01111111
01111000
01110001
01101010
01100100
01011111
01011001
01010101
01010000
01001100
01001001
01000110
01000100
01000010
01000001
01000001
01000000
01000001
01000001
01000010
01000100
01000110
01001000
01001010
01001101
01010000
01010011
01010110
01011000
01011011
01011110
01100001
01100100
01100110
01101000
01101010
01101100
01101101
01101110
01101110
01101110
01101110
01101101
01101100
01101011
01101001
01100110
01100011
01100000
01011100
01011000
01010100
01010000
01001011
01000110
01000001
00111100
00110111
00110010
00101101
00101001
00100100
00100000
00011011
00011000
00010100
00010001
00001111
00001101
00001011
00001010
00001010
00001010
00001011
00001101
00001111
00010010
00010101
00011001
00011110
00100100
00101001
00110000
00110111
00111111
01000110
01001111
01010111
01100000
01101010
01110011
01111100
10000110
10001111
10011001
10100010
10101011
10110100
10111100
11000100
11001100
11010011
11011010
11100000
11100110
11101010
11101111
11110010
11110101
11110111
11111000
11111001
11111001
11111000
11110110
11110100
11110001
11101101
11101001
11100100
11011111
11011001
11010011
11001100
11000101
10111110
10110111
10101111
10100111
10100000
10011000
10010000
10001001
10000001
01111010
01110011
01101100
01100110
01100000
01011011
01010110
01010010
01001110
01001010
01000111
01000101
01000011
01000010
01000001
01000000
01000001
